0
0
0
0
0
0
0
0
0
0
139
506
995
1545
2124
2720
3323
3927
4535
5143
5751
6360
6969
7578
8187
8795
9404
10012
10620
11229
11839
12450
13061
13671
14283
14893
15504
16113
16723
17332
17942
18554
19165
19776
20386
20995
21605
22214
22826
23438
24049
24661
25271
25880
26491
27103
27715
28325
28935
29546
30157
30769
31380
31991
32602
33212
33823
34433
35044
35655
36266
36877
37488
38099
38710
39320
39931
40542
41153
41765
42377
42989
43600
44210
44821
45432
46044
46656
47267
47879
48492
49104
49716
50327
50939
51551
52164
52776
53387
53999
54611
55221
55833
56445
57057
57668
58280
58892
59503
60115
60728
61338
61949
62560
63170
63781
64393
65004
65615
66226
66837
67448
68060
68672
69285
69897
70509
71122
71734
72347
72959
73573
74185
74797
75409
76021
76633
77246
77859
78470
79083
79695
80308
80920
81532
82145
82758
83371
83984
84597
85210
85822
86435
87049
87661
88275
88887
89500
90112
90725
91334
91885
92353
92741
93072
93371
93642
93886
94105
