0
0
0
0
0
0
0
0
0
0
279
826
1434
2057
2683
3310
3937
4564
5190
5817
6444
7070
7697
8324
8950
9577
10204
10831
11458
12084
12711
13338
13966
14593
15220
15846
16474
17101
17728
18356
18983
19610
20237
20864
21491
22119
22746
23374
24001
24629
25256
25883
26511
27138
27765
28392
29019
29647
30274
30902
31529
32156
32783
33411
34038
34666
35293
35921
36548
37176
37804
38431
39059
39687
40315
40943
41570
42198
42825
43453
44081
44708
45335
45963
46591
47219
47846
48474
49101
49729
50356
50984
51611
52239
52866
53494
54122
54749
55377
56004
56632
57259
57887
58514
59142
59769
60397
61024
61652
62279
62907
63535
64162
64790
65417
66045
66673
67300
67927
68554
69182
69809
70437
71064
71692
72319
72946
73574
74201
74829
75456
76083
76711
77338
77965
78593